[0.0, -1.0, 0.0, -0.0]
[0.2564102564102564, -0.9487179487179487, 0.0, -0.0]
[0.5128205128205128, -0.8974358974358975, 0.0, 2.734715219583669e-14]
[0.7692307692307692, -0.8461538461538461, 0.0, 1.889277077701793e-13]
[1.0256410256410255, -0.7948717948717949, 0.0, 1.3890732668248404e-12]
[1.282051282051282, -0.7435897435897436, 0.0, 1.0219462999942188e-11]
[1.5384615384615383, -0.6923076923076923, 0.0, 7.520428069376819e-11]
[1.7948717948717947, -0.641025641025641, 0.0, 5.534283573296156e-10]
[2.051282051282051, -0.5897435897435898, 0.0, 4.072701160033337e-09]
[2.3076923076923075, -0.5384615384615385, 0.0, 2.997109613057195e-08]
[2.564102564102564, -0.4871794871794872, 0.0, 2.2055583080156673e-07]
[2.8205128205128203, -0.4358974358974359, 0.0, 1.623007265058728e-06]
[3.0769230769230766, -0.3846153846153846, 0.0, 1.1942171248826451e-05]
[3.333333333333333, -0.33333333333333337, 0.0, 8.784923085649186e-05]
[3.5897435897435894, -0.28205128205128205, 0.0, 0.0006457953823958969]
[3.846153846153846, -0.23076923076923084, 0.0, 0.004738254383694046]
[4.102564102564102, -0.17948717948717952, 0.0, 0.034570039967154145]
[4.358974358974359, -0.1282051282051282, 0.0, 0.24767644684833914]
[4.615384615384615, -0.07692307692307698, 0.0, 1.6575405761112687]
[4.871794871794871, -0.02564102564102566, 0.0, 8.486122446445268]
[5.128205128205128, 0.02564102564102555, 0.0, 21.267669226365747]
[5.384615384615384, 0.07692307692307687, 0.0, 24.203293699657088]
[5.6410256410256405, 0.1282051282051282, 0.0, 20.959680218482966]
[5.897435897435897, 0.17948717948717952, 0.0, 17.9761805912921]
[6.153846153846153, 0.23076923076923084, 0.0, 15.862574813310616]
[6.41025641025641, 0.28205128205128194, 0.0, 14.329117432235497]
[6.666666666666666, 0.33333333333333326, 0.0, 13.177936631861751]
[6.9230769230769225, 0.3846153846153846, 0.0, 12.264275305489292]
[7.179487179487179, 0.4358974358974359, 0.0, 11.525072211076175]
[7.435897435897435, 0.4871794871794872, 0.0, 10.90400955063802]
[7.692307692307692, 0.5384615384615383, 0.0, 10.377354950966476]
[7.948717948717948, 0.5897435897435896, 0.0, 9.919377743757593]
[8.205128205128204, 0.641025641025641, 0.0, 9.51899515547659]
[8.46153846153846, 0.6923076923076921, 0.0, 9.16287982530348]
[8.717948717948717, 0.7435897435897436, 0.0, 8.844921443835839]
[8.974358974358974, 0.7948717948717949, 0.0, 8.557560284718173]
[9.23076923076923, 0.846153846153846, 0.0, 8.297018288176643]
[9.487179487179485, 0.8974358974358971, 0.0, 8.058702729932717]
[9.743589743589743, 0.9487179487179487, 0.0, 7.840092241818428]
[10.0, 1.0, 0.0, 7.63823989316797]
