(0.05000000074505806, -1.0003901720046997, 0.0, -0.00010937725164694712, -0.9999924302101135, 0.0, 8, 7164, 0, 2.804499864578247)
(0.10000000149011612, -0.9803577661514282, 0.0, -0.0004899164196103811, -0.9799895882606506, 0.0, 9, 8191, 0, 2.804499864578247)
(0.15000000596046448, -0.960317850112915, 0.0, -0.0004799027810804546, -0.9599867463111877, 0.0, 9, 8191, 0, 2.804499864578247)
(0.20000000298023224, -0.9403022527694702, 0.0, -0.0004698922566603869, -0.9399838447570801, 0.0, 9, 8191, 0, 2.804499864578247)
(0.25, -0.9202677607536316, 0.0, -0.0004598695086315274, -0.9199810028076172, 0.0, 9, 8191, 0, 2.804499864578247)
(0.30000001192092896, -0.9002601504325867, 0.0, -0.0004498603811953217, -0.8999781608581543, 0.0, 9, 8191, 0, 2.804499864578247)
(0.3499999940395355, -0.8802324533462524, 0.0, -0.00043985608499497175, -0.8799753189086914, 0.0, 9, 8191, 0, 2.804499864578247)
(0.4000000059604645, -0.8602765798568726, 0.0, -0.0004298623825889081, -0.8600224852561951, 0.0, 9, 8191, 0, 2.804499864578247)
(0.45000001788139343, -0.8402564525604248, 0.0, -0.00041986358701251447, -0.8400196433067322, 0.0, 9, 8191, 0, 2.804499864578247)
(0.5, -0.8202537298202515, 0.0, -0.0004098592035006732, -0.8200168013572693, 0.0, 9, 8191, 0, 2.804499864578247)
(0.550000011920929, -0.800233006477356, 0.0, -0.0003998498432338238, -0.8000139594078064, 0.0, 9, 8191, 0, 2.804499864578247)
(0.6000000238418579, -0.7802306413650513, 0.0, -0.00038984615821391344, -0.7800110578536987, 0.0, 9, 8191, 0, 2.804499864578247)
(0.6500000357627869, -0.7602205872535706, 0.0, -0.00037984910886734724, -0.7600082159042358, 0.0, 9, 8191, 0, 2.804499864578247)
(0.699999988079071, -0.740196704864502, 0.0, -0.0003698371001519263, -0.740005373954773, 0.0, 9, 8191, 0, 2.804499864578247)
(0.75, -0.7201769351959229, 0.0, -0.00035982875851914287, -0.7200025320053101, 0.0, 9, 8191, 0, 2.804499864578247)
(0.800000011920929, -0.7001556754112244, 0.0, -0.00034982411307282746, -0.6999996900558472, 0.0, 9, 8191, 0, 2.804499864578247)
(0.8500000238418579, -0.6801584959030151, 0.0, -0.0003398191765882075, -0.6799968481063843, 0.0, 9, 8191, 0, 2.804499864578247)
(0.9000000357627869, -0.6601333022117615, 0.0, -0.00032981764525175095, -0.6599940061569214, 0.0, 9, 8191, 0, 2.804499864578247)
(0.949999988079071, -0.6401342153549194, 0.0, -0.00031980336643755436, -0.6399911642074585, 0.0, 9, 8191, 0, 2.804499864578247)
(1.0, -0.6201164126396179, 0.0, -0.00030980815063230693, -0.6199883222579956, 0.0, 9, 8191, 0, 2.804499864578247)
(1.0500000715255737, -0.6001128554344177, 0.0, -0.00029981156694702804, -0.5999854207038879, 0.0, 9, 8191, 0, 2.804499864578247)
(1.100000023841858, -0.5801215171813965, 0.0, -0.0002897899248637259, -0.579982578754425, 0.0, 9, 8191, 0, 2.804499864578247)
(1.149999976158142, -0.5600939393043518, 0.0, -0.0002797909255605191, -0.5599797368049622, 0.0, 9, 8191, 0, 2.804499864578247)
(1.2000000476837158, -0.5400956869125366, 0.0, -0.00026979908579960465, -0.5399768948554993, 0.0, 9, 8191, 0, 2.804499864578247)
(1.25, -0.5201267004013062, 0.0, -0.0002598093415144831, -0.5200240612030029, 0.0, 9, 8191, 0, 2.804452657699585)
(1.3000000715255737, -0.5001258850097656, 0.0, -0.0002498071116860956, -0.50002121925354, 0.0, 9, 8191, 0, 2.804299831390381)
(1.350000023841858, -0.48009631037712097, 0.0, -0.00023980335390660912, -0.48001837730407715, 0.0, 9, 8191, 0, 2.804299831390381)
(1.399999976158142, -0.46009641885757446, 0.0, -0.00022979103960096836, -0.46001550555229187, 0.0, 9, 8191, 0, 2.804299831390381)
(1.4500000476837158, -0.4400797188282013, 0.0, -0.00021979439770802855, -0.440012663602829, 0.0, 9, 8191, 0, 2.804299831390381)
(1.5, -0.42005616426467896, 0.0, -0.00020979148393962532, -0.4200098216533661, 0.0, 9, 8191, 0, 2.804299831390381)
(1.5500000715255737, -0.4000914692878723, 0.0, -0.00019978165801148862, -0.4000069797039032, 0.0, 9, 8191, 0, 2.804299831390381)
(1.600000023841858, -0.38005757331848145, 0.0, -0.00018978744628839195, -0.3800041079521179, 0.0, 9, 8191, 0, 2.804299831390381)
(1.649999976158142, -0.36006155610084534, 0.0, -0.00017978367395699024, -0.36000126600265503, 0.0, 9, 8191, 0, 2.804299831390381)
(1.7000000476837158, -0.3400491774082184, 0.0, -0.00016977459017653018, -0.33999842405319214, 0.0, 9, 8191, 0, 2.804299831390381)
(1.75, -0.32001590728759766, 0.0, -0.00015976456052158028, -0.31999558210372925, 0.0, 9, 8191, 0, 2.804299831390381)
(1.8000000715255737, -0.30000537633895874, 0.0, -0.0001497547491453588, -0.29999271035194397, 0.0, 9, 8191, 0, 2.804299831390381)
(1.850000023841858, -0.2799988389015198, 0.0, -0.00013975972251500934, -0.2799898684024811, 0.0, 9, 8191, 0, 2.804299831390381)
(1.899999976158142, -0.2599942982196808, 0.0, -0.0001297500275541097, -0.2599870264530182, 0.0, 9, 8191, 0, 2.804299831390381)
(1.9500000476837158, -0.23995503783226013, 0.0, -0.0001197475430672057, -0.2399841845035553, 0.0, 9, 8191, 0, 2.804299831390381)
(2.0, -0.2199702113866806, 0.0, -0.00010974235192406923, -0.2199813276529312, 0.0, 9, 8191, 0, 2.804299831390381)
(2.049999952316284, -0.19996698200702667, 0.0, -9.973959095077589e-05, -0.19997848570346832, 0.0, 9, 8191, 0, 2.804299831390381)
(2.1000001430511475, -0.17998230457305908, 0.0, -8.974585216492414e-05, -0.17997562885284424, 0.0, 9, 8191, 0, 2.804299831390381)
(2.1500000953674316, -0.16001346707344055, 0.0, -7.9764737165533e-05, -0.1600227952003479, 0.0, 9, 8191, 0, 2.804299831390381)
(2.200000047683716, -0.13998806476593018, 0.0, -7.00109449098818e-05, -0.14001993834972382, 0.0, 8, 8191, 0, 2.804299831390381)
(2.25, -0.11997469514608383, 0.0, -6.000283974572085e-05, -0.12001708894968033, 0.0, 8, 8191, 0, 2.8042526245117188)
(2.299999952316284, -0.09996948391199112, 0.0, -5.000159580959007e-05, -0.10001424700021744, 0.0, 8, 8191, 0, 2.8041000366210938)
(2.3500001430511475, -0.07997345179319382, 0.0, -3.999516775365919e-05, -0.08001139760017395, 0.0, 8, 8191, 0, 2.8041000366210938)
(2.4000000953674316, -0.059940874576568604, 0.0, -2.9992008421686478e-05, -0.060008544474840164, 0.0, 8, 8191, 0, 2.8041000366210938)
(2.450000047683716, -0.03994667902588844, 0.0, -1.9987041014246643e-05, -0.040005698800086975, 0.0, 8, 8191, 0, 2.8041000366210938)
(2.5, -0.01992211677134037, 0.0, -9.981919902202208e-06, -0.020002849400043488, 0.0, 8, 8191, 0, 2.8041000366210938)
(2.549999952316284, 7.191317854449153e-05, 0.0, 1.643082114810568e-08, 0.0, 0.0, 8, 8191, 0, 2.8041000366210938)
(2.6000001430511475, 0.02008863352239132, 0.0, 1.0008770004787948e-05, 0.020002849400043488, 0.0, 7, 7935, 0, 2.8041000366210938)
(2.6500000953674316, 0.040108855813741684, 0.0, 1.094436265702825e-05, 0.040005698800086975, 0.0, 7, 7164, 0, 2.8041000366210938)
(2.700000047683716, 0.06011306867003441, 0.0, 3.0033605071366765e-05, 0.060008544474840164, 0.0, 8, 8191, 0, 2.8041000366210938)
(2.75, 0.08016198128461838, 0.0, 4.0039278246695176e-05, 0.08001139760017395, 0.0, 8, 8191, 0, 2.8041000366210938)
(2.799999952316284, 0.10013215243816376, 0.0, 5.00425994687248e-05, 0.10001424700021744, 0.0, 8, 8191, 0, 2.8041000366210938)
(2.8500001430511475, 0.12015287578105927, 0.0, 6.0047139413654804e-05, 0.12001708894968033, 0.0, 8, 8191, 0, 2.8041000366210938)
(2.9000000953674316, 0.14015641808509827, 0.0, 7.005212682997808e-05, 0.14001993834972382, 0.0, 8, 8191, 0, 2.8041000366210938)
(2.950000047683716, 0.16017897427082062, 0.0, 8.005845302250236e-05, 0.1600227952003479, 0.0, 8, 8191, 0, 2.8041000366210938)
(3.0, 0.180148646235466, 0.0, 9.003589366329834e-05, 0.17997562885284424, 0.0, 8, 8191, 0, 2.8041000366210938)
(3.049999952316284, 0.20016519725322723, 0.0, 0.00010027932876255363, 0.19997848570346832, 0.0, 9, 8191, 0, 2.8041000366210938)
(3.1000001430511475, 0.2201547473669052, 0.0, 0.00011027657455997542, 0.2199813276529312, 0.0, 9, 8191, 0, 2.8041000366210938)
(3.1500000953674316, 0.24015943706035614, 0.0, 0.00012028872879454866, 0.2399841845035553, 0.0, 9, 8191, 0, 2.8041000366210938)
(3.200000047683716, 0.26018181443214417, 0.0, 0.00013030225818511099, 0.2599870264530182, 0.0, 9, 8191, 0, 2.8041000366210938)
(3.25, 0.2801790237426758, 0.0, 0.00014030240708962083, 0.2799898684024811, 0.0, 9, 8191, 0, 2.8040761947631836)
(3.299999952316284, 0.3002074062824249, 0.0, 0.00015031795192044228, 0.29999271035194397, 0.0, 9, 8191, 0, 2.803999900817871)
(3.3500001430511475, 0.32022497057914734, 0.0, 0.00016032758867368102, 0.31999558210372925, 0.0, 9, 8191, 0, 2.803999900817871)
(3.4000000953674316, 0.3402330279350281, 0.0, 0.00017033351468853652, 0.33999842405319214, 0.0, 9, 8191, 0, 2.803999900817871)
(3.450000047683716, 0.3602277338504791, 0.0, 0.0001803394261514768, 0.36000126600265503, 0.0, 9, 8191, 0, 2.803999900817871)
(3.5, 0.3802414536476135, 0.0, 0.00019034840806853026, 0.3800041079521179, 0.0, 9, 8191, 0, 2.803999900817871)
(3.549999952316284, 0.40028852224349976, 0.0, 0.00020035049237776548, 0.4000069797039032, 0.0, 9, 8191, 0, 2.803999900817871)
(3.6000001430511475, 0.4202345013618469, 0.0, 0.00021035912504885346, 0.4200098216533661, 0.0, 9, 8191, 0, 2.803999900817871)
(3.6500000953674316, 0.44026705622673035, 0.0, 0.00022036043810658157, 0.440012663602829, 0.0, 9, 8191, 0, 2.803999900817871)
(3.700000047683716, 0.4602451026439667, 0.0, 0.0002303625806234777, 0.46001550555229187, 0.0, 9, 8191, 0, 2.803999900817871)
(3.75, 0.48028334975242615, 0.0, 0.0002403800026513636, 0.48001837730407715, 0.0, 9, 8191, 0, 2.803999900817871)
(3.799999952316284, 0.5003165006637573, 0.0, 0.00025038898456841707, 0.50002121925354, 0.0, 9, 8191, 0, 2.803999900817871)
(3.8500001430511475, 0.5203207731246948, 0.0, 0.00026038329815492034, 0.5200240612030029, 0.0, 9, 8191, 0, 2.803999900817871)
(3.9000000953674316, 0.5402776002883911, 0.0, 0.00027036870596930385, 0.5399768948554993, 0.0, 9, 8191, 0, 2.803999900817871)
(3.950000047683716, 0.5602731108665466, 0.0, 0.0002803651150316, 0.5599797368049622, 0.0, 9, 8191, 0, 2.803999900817871)
(4.0, 0.5803126096725464, 0.0, 0.00029036050545983016, 0.579982578754425, 0.0, 9, 8191, 0, 2.803999900817871)
(4.050000190734863, 0.6003059148788452, 0.0, 0.0003003720485139638, 0.5999854207038879, 0.0, 9, 8191, 0, 2.803999900817871)
(4.099999904632568, 0.6203041672706604, 0.0, 0.00031037756707519293, 0.6199883222579956, 0.0, 9, 8191, 0, 2.803999900817871)
(4.150000095367432, 0.6402994990348816, 0.0, 0.00032037764322012663, 0.6399911642074585, 0.0, 9, 8191, 0, 2.803999900817871)
(4.200000286102295, 0.6603238582611084, 0.0, 0.00033038423862308264, 0.6599940061569214, 0.0, 9, 8191, 0, 2.803999900817871)
(4.25, 0.680348813533783, 0.0, 0.00034038934973068535, 0.6799968481063843, 0.0, 9, 8191, 0, 2.8040709495544434)
(4.300000190734863, 0.7003446817398071, 0.0, 0.0003503938496578485, 0.6999996900558472, 0.0, 9, 8191, 0, 2.804299831390381)
(4.349999904632568, 0.7203618288040161, 0.0, 0.0003604026569519192, 0.7200025320053101, 0.0, 9, 8191, 0, 2.804299831390381)
(4.400000095367432, 0.7403782606124878, 0.0, 0.00037041239556856453, 0.740005373954773, 0.0, 9, 8191, 0, 2.804299831390381)
(4.450000286102295, 0.7604106664657593, 0.0, 0.0003804217267315835, 0.7600082159042358, 0.0, 9, 8191, 0, 2.804299831390381)
(4.5, 0.7804040312767029, 0.0, 0.0003904234035871923, 0.7800110578536987, 0.0, 9, 8191, 0, 2.804299831390381)
(4.550000190734863, 0.8004336357116699, 0.0, 0.00040042246109806, 0.8000139594078064, 0.0, 9, 8191, 0, 2.804299831390381)
(4.599999904632568, 0.8204290866851807, 0.0, 0.0004104220715817064, 0.8200168013572693, 0.0, 9, 8191, 0, 2.804299831390381)
(4.650000095367432, 0.8404210209846497, 0.0, 0.00042043370194733143, 0.8400196433067322, 0.0, 9, 8191, 0, 2.804299831390381)
(4.700000286102295, 0.860435426235199, 0.0, 0.00043042993638664484, 0.8600224852561951, 0.0, 9, 8191, 0, 2.804299831390381)
(4.75, 0.8803997039794922, 0.0, 0.00044041723595000803, 0.8799753189086914, 0.0, 9, 8191, 0, 2.804299831390381)
(4.800000190734863, 0.900419294834137, 0.0, 0.0004504226380959153, 0.8999781608581543, 0.0, 9, 8191, 0, 2.804299831390381)
(4.849999904632568, 0.9204239845275879, 0.0, 0.00046042658505029976, 0.9199810028076172, 0.0, 9, 8191, 0, 2.804299831390381)
(4.900000095367432, 0.9404453039169312, 0.0, 0.0004704388848040253, 0.9399838447570801, 0.0, 9, 8191, 0, 2.804299831390381)
(4.950000286102295, 0.9604526162147522, 0.0, 0.00048043837887234986, 0.9599867463111877, 0.0, 9, 8191, 0, 2.804299831390381)
(5.0, 0.9804934859275818, 0.0, 0.0004904521047137678, 0.9799895882606506, 0.0, 9, 8191, 0, 2.804299831390381)
(5.050000190734863, 1.0004874467849731, 0.0, 0.0005004611448384821, 0.9999924302101135, 0.0, 9, 8191, 0, 2.804299831390381)
